13
773 405
34155 85500 36688 83921 91553 64335 43252 62500 340 97600 14896 36856 87989 44107 94678 47246 51228 51659 56430 66056 33255 64401 27761 27480 89321 54699 25378 62596 11912 81216 14738 57091 98531 73686 90151 50750 12595 15369 69570 90526 16143 10651 40332 43473 21310 85998 53506 39026 64494 33144 24255 3447 13041 40931 19322 35709 57597 25949 78980 64388 73247 992 58085 9426 78416 71093 34911 88768 32132 89292 2756 19390 50141 76312 21198 25659 26302 48263 2160 64038 17138 60291 38060 19898 24959 5703 68147 12658 76853 84406 1433 71366 20407 22849 35249 55725 92352 11321 69003 32600 56363 89712 60089 95708 66423 1871 66 2002 31799 1904 44507 28966 60039 25807 9116 5396 89374 97602 48603 99582 57874 66995 80130 11948 45825 98151 6431 39739 59080 65491 19499 4707 65029 28461 91564 18359 79389 62323 24575 25085 14406 54359 13759 22685 37301 19092 64331 90669 93634 34768 40416 56525 75902 30500 72084 85862 57059 48130 76254 57408 68181 42710 18694 61749 754 56604 13108 72888 88687 45291 45823 11080 89177 70947 37383 70689 52749 27971 21651 46287 87179 82325 37267 59114 51565 91001 66333 35877 44945 82453 47531 17818 60357 69699 72668 34776 42368 69938 23357 2547 65090 53293 55064 19769 68235 2259 55563 93012 14766 82901 96821 64975 27293 47106 75996 99424 63814 55143 16022 15057 35520 65832 55724 21772 84634 19694 80618 12277 95228 20867 49498 80567 76369 40900 52588 61772 61312 87995 31686 61969 56309 81533 15486 33632 13115 65072 64226 13329 64855 18 19722 65945 83085 12476 96323 80308 61371 5954 38554 62149 53411 49388 39305 16841 72582 41749 38865 14048 65974 8511 62585 26354 79617 20947 5864 14955 1933 7525 3227 54996 17957 39750 51993 97965 22122 48299 44374 76781 14586 23917 9033 74132 17099 78684 49589 89792 27160 77819 9617 55010 30588 18867 38470 62853 60062 47808 56365 56414 95330 36156 95745 32233 84172 31810 33463 46121 4123 57725 50344 15093 66865 62285 72068 75437 12367 22540 8576 54273 22581 78908 18587 55465 68991 10184 6919 44909 38525 59528 24544 99274 82171 87844 23163 4419 71440 72880 43335 69951 83815 90505 57360 80110 73705 47729 15518 79816 8475 94839 10818 62261 1209 87020 89136 76815 37145 17316 44798 91569 69899 21853 50775 75136 80307 57142 2072 3619 45488 76286 15092 96306 9250 96812 84781 73031 20311 32447 70584 57047 84957 96979 58186 31355 89522 37690 80875 21067 10897 7865 87473 74427 16567 74422 62080 60699 71937
153 126
67420 81942 73605 42747 69325 2795 23461 23789 17428 83074 72042 31296 43976 29110 35907 61998 45422 92772 95680 69907 69612 71010 68936 16810 63471 21348 58936 74538 97293 85557 24082 65000 50155 12326 98906 37037 63567 82025 99514 83165 60313 31833 50731 54575 8019 65173 89653 94005 87795 87884 64357 38997 42672 82909 25204 67895 85924 92921 4687 88664 55867 55539 95434 25536 2813 60065 28870 30433 60192 17916 74915 34468 91739 23857 25701 66691 33827 5630 20643 72235 55589 5841 43648 58134 76992 70985 25545 57210 96191 19820 35461 73898 19406 62536 31629 31613 48237 95253 76540 81340 61210 38162 45553 93447 60136 6603 48289 39365 74665 41302 98993 73312 60896 5567 38527 42473 40754 88754 35956 86230 22851 70138 31103 58395 83707 62092
604 292
15697 43980 61618 44115 8745 32449 89849 71932 98954 44220 21317 46220 49025 90348 81052 35330 73381 2747 22985 43487 62628 87834 63900 41055 41303 80675 69820 23061 68696 49970 4377 49197 33280 21652 70317 30721 78029 1593 37190 4589 77251 82112 77019 78271 12810 35320 23806 3116 81115 99463 62387 9519 51111 23354 39234 14697 60033 57936 47793 97297 93430 11231 46275 85072 70426 71437 60036 79600 32442 56823 71905 89037 2519 50236 39197 15266 63024 67928 78569 99234 52124 42378 35779 50845 24756 2123 81245 3887 89826 98644 46979 75222 81458 86367 87385 68634 32862 17809 30956 48665 51575 10345 10575 97972 17214 8675 56540 56015 20231 23981 88710 70878 92557 13336 77161 47511 95370 15770 39961 11951 52084 33452 85264 96196 38867 50128 59206 48588 46349 54772 12572 38172 91899 17195 54603 14087 42234 76161 63757 33293 50716 47327 97362 17367 31569 8414 88264 51913 53193 30826 44023 80378 59438 41091 18342 24347 63624 35232 56276 99202 10475 12010 69856 95402 39332 95039 48178 9118 30227 73106 8760 84204 51753 52974 66195 63992 81769 78518 77711 15334 29817 47389 96207 36970 61591 66041 83629 67662 11675 9921 77141 56678 46567 8518 34503 54336 91258 93267 90741 1416 23231 70950 34959 66605 18985 64712 16617 31407 47249 3049 5378 59390 28145 86185 18574 36504 85883 8079 12833 48418 52941 94879 39041 78249 50811 32635 93334 5137 10531 5623 42717 14951 47944 73055 47623 18315 70753 12797 88099 60603 15831 56211 35370 66168 40397 85472 53149 39692 54973 31093 83117 54084 4502 97590 922 58901 79946 19392 98852 37176 35801 99283 56667 27986 48122 69547 3061 59761 13840 91853 82376 14028 61796 94099 26005 53180 19715 25560 49456 89777 85296 60795 11643 56958 70517 18649 26602 20545 48629 35588 67049 96266
345 97
10102 33481 19434 71301 38678 698 41904 58235 46239 967 71140 880 5633 82196 70269 9844 89511 47976 58714 49783 91040 2793 18924 22031 54833 47044 51657 70045 13096 32967 54759 90733 89275 48445 16279 49726 83797 46918 58569 54618 14136 69386 57587 67453 48436 35146 52092 62120 27876 46541 60681 62251 81026 86962 25649 38844 93210 11569 94392 9072 8460 71580 53331 25490 25046 14529 35454 57555 85130 75269 13273 44631 4985 32687 32086 59800 53952 31543 79204 63367 18836 70007 34081 3643 12122 79533 11155 43678 67835 46830 77433 60044 40688 93506 53371 27194 18780
104 54
35639 66805 93797 16248 26272 54611 53039 98845 65174 80343 49340 69418 22566 13050 83204 95619 57624 96734 29692 20911 51093 47165 73823 36575 87373 53550 21149 64295 44980 6276 22182 75719 32099 22098 21326 25208 3160 81443 141 59961 20568 94477 47235 54642 98458 4386 86878 86013 46697 68697 96133 6582 37849 91627
960 110
44261 49114 4772 10246 51876 17016 76539 94952 30117 78074 74361 25961 107 66862 63779 31336 5475 42225 39628 59943 26599 48316 42917 38070 11448 19431 43639 87445 62456 54891 2488 87712 51196 59687 12061 50052 66161 63356 12818 28768 31978 59494 84810 48563 46174 52327 59873 94999 77346 53154 35120 23922 72223 2051 44935 54522 71564 53485 265 62564 64418 50403 94718 59962 50486 89679 946 83591 54465 46962 29567 10869 21090 51861 9966 10637 88364 17116 74055 71219 33843 32705 87227 48693 60256 39021 31496 9546 12806 54143 5725 54444 5471 99784 84873 52636 96093 97687 99308 15855 3101 79676 8638 65075 84320 25355 9421 97240 78036 52283
288 380
32732 19591 42202 73006 86163 86166 84940 65 33874 70798 48864 49569 5525 30460 20830 94500 61874 28292 24646 12610 27772 38823 15407 93322 6755 15094 7608 21689 61824 92320 87043 64610 81845 35855 87616 38715 54124 65605 70063 62981 11741 55243 49529 8094 44000 40410 87203 51674 39999 45725 88453 55478 66702 15962 16390 55564 10316 61768 79023 88846 2929 46877 20942 38030 92567 45835 79956 9829 15188 38654 94403 98375 67542 4319 90745 7567 47981 90872 30686 36842 45452 49322 15187 56212 24550 50382 88213 770 59843 39084 75399 83713 95470 14448 66288 13479 42433 79899 77114 79563 20782 52489 7247 86352 55063 99175 59892 53054 27301 80968 54288 50844 23356 28087 10911 17255 6660 37021 93064 82338 75088 19329 76122 78310 65768 8470 38661 14826 40744 29609 19787 95313 37142 91212 94376 28230 64861 84749 45628 11820 11197 17067 99352 16384 33324 93781 21014 66022 37629 12135 50346 60070 23815 49060 55050 58728 6930 89172 15038 18388 49318 22299 65512 85951 40501 15757 79543 63813 91591 48833 871 19294 36004 44452 79862 65087 20660 66065 87627 96620 32781 40448 97090 83175 46188 94758 80173 72666 99778 9599 79896 91150 25275 55540 99245 67851 30725 272 71569 85871 3654 6490 36576 42557 84995 30084 44210 8964 8667 20100 28356 22556 50484 52097 99149 55392 44927 96275 67610 50508 31713 529 25577 94634 8349 75838 6247 23402 62094 12905 50559 91955 91255 55957 93006 23235 53985 69335 44117 19868 9006 74056 76822 9872 16483 36171 54010 26943 4280 72049 64302 58980 89766 22589 92307 5314 64849 77227 74663 80960 39407 42141 86829 6147 40308 15590 42616 90007 5581 16768 54771 72333 11891 87131 56318 10169 33782 15636 14690 23934 47914 99809 2492 42521 18519 27340 20286 77999 81171 49511 12915 97774 60824 68694 21590 33614 55487 73060 74901 58909 57539 56699 34277 92997 37573 69942 4720 88987 91158 61052 77942 2313 43222 26270 67000 65978 97803 2098 16860 16928 12651 78393 68505 27741 60229 88100 83483 61164 41082 97691 89683 90777 69598 56427 63652 56091 28994 80949 32691 12802 32552 25736 25800 27865 29687 77720 67168 83245 34053 24331 69302 71456 75061 79296 20061 78150 90147 21402 90184 5255 25874 66035 11473 13611 31608 75578 4296 68395 54572 43903 74450 49641 909 48061 8189 98244 64093 91041 57540 5766
440 381
70615 32706 81005 30601 23095 53383 80499 98671 4169 56799 66311 82523 32825 13813 46927 89316 92824 77975 76344 94844 18617 21603 54225 39867 90953 55691 10214 55399 79841 5111 49519 49117 80238 4508 11868 82187 57348 27861 31730 37736 68494 98021 73346 24450 44068 58857 66121 10785 11100 62299 64604 96509 76174 56965 96158 28033 15212 67070 72438 80542 40999 64178 71642 26421 58091 85322 42287 24004 41111 44429 50621 74615 43990 93175 9439 90802 94784 80638 22774 36540 9134 60476 16557 77616 89073 42972 287 7964 16722 34121 21003 29978 71343 49967 54238 63803 19708 83059 1047 18450 56120 2213 78364 79189 81128 867 25572 55325 3865 7137 56975 82123 31597 19687 75681 93586 52559 60295 53438 98457 77464 45480 10760 19170 5256 38337 51403 6934 69614 61671 99515 20309 20027 82176 48516 83789 80626 98237 93302 21200 23884 8095 88646 29729 88092 47610 2367 55979 42995 31400 46054 19373 13976 17318 1267 18614 33544 93872 32930 94064 98723 54327 30669 25358 70382 38607 30384 49940 73434 56319 8795 79444 38428 46187 44425 31270 89954 89580 13241 28780 70899 65943 34157 79275 79531 97137 20228 2552 42188 56277 78353 81373 11129 80148 7604 39792 55663 79613 20242 3504 57325 92578 78986 64274 18750 10690 22900 48566 93109 14408 3052 68715 96386 42259 48783 43935 69812 2183 44664 51171 14910 20159 93602 65867 63694 10168 73216 65982 27383 74827 88033 25026 9614 51613 83551 1553 45400 14829 61539 65296 58144 79498 7670 79781 79735 99133 70049 91013 51183 44231 19971 22578 7173 88992 68410 72876 84535 40491 96494 82007 42883 10099 18637 81502 90334 2436 8100 34680 39770 44850 54455 46891 13990 38552 8948 15510 32549 13850 46845 238 33426 10293 81688 28092 31334 37121 20814 45676 87343 22101 28818 74111 75075 99693 46368 82949 46711 51269 73284 52709 38402 52488 85535 12990 51144 72546 26523 56005 85963 15300 19995 59590 90363 79500 6921 67907 14898 92341 19295 97457 69299 79635 95115 41273 63137 52832 20669 32169 78817 80861 27999 74868 86356 12838 65536 52370 62749 76985 25368 31769 39081 60695 47965 88295 94073 36879 50150 96411 87218 86190 46016 71272 39019 31047 66801 3031 80400 96313 13979 22527 33137 31470 85425 7373 35955 13075 18204 37366 47627 32550 3959 94178 18323 23781 54391 4547 28228 82175 9029 97711 47269
893 856
97435 1934 32954 33977 59592 68554 15238 57844 46643 66841 18106 56826 90111 46581 53207 91428 70096 13915 26688 60069 71063 22277 57570 71805 2561 9573 15027 20456 57807 56876 10071 94719 94465 65290 87678 99408 53992 96250 6916 78747 90714 92411 83251 99714 60140 50437 68096 29281 60152 95992 65778 75079 11088 13483 21240 30118 13252 99404 13085 88500 23376 23956 24329 7544 39357 2336 51985 68681 68930 56050 58567 90677 79146 8461 28139 76313 61171 80920 10415 12269 41522 49729 63107 15608 29023 94313 94101 49346 4981 10312 40817 77460 22274 65467 8629 20538 72447 12246 25680 54675 2080 52360 68019 3278 47747 59423 88843 3081 52493 78759 93790 94275 81601 63027 35 68495 25667 34958 19671 52752 88622 24825 80538 15291 77231 84480 25973 80889 61318 28762 3536 59105 417 40153 60389 86973 40782 89540 94549 16364 24724 40231 17143 47554 59013 34361 32412 52566 5715 67185 82696 90005 13909 5467 42239 24027 40954 47067 22120 44095 48027 59821 33410 23250 39070 44634 66744 70087 28038 7924 29646 33541 34199 32276 90225 67869 15455 76478 45894 46774 69240 94964 26769 96005 6446 4920 53961 63533 92058 75697 48887 84230 18394 33769 40977 5208 39562 66889 5730 58537 61943 93636 19098 49139 80600 30451 22050 57750 67186 35768 31761 37159 62727 87639 63996 80866 25594 47150 25628 99178 50122 73763 87031 48287 51640 81901 26294 73311 33184 74299 83906 12049 86913 46191 14398 54099 16014 50419 12208 51697 83441 45776 54157 46668 73398 19393 4422 22244 22893 80914 88699 1440 15937 56265 37771 4932 5800 49770 79420 23723 65142 35852 16642 87764 81016 22770 28884 38324 22712 19382 70150 96048 73592 45394 50061 11376 20046 61113 76823 25050 70448 14139 29361 61819 47540 55568 76646 80440 88621 63582 89300 77292 62394 9404 4538 81687 16577 20629 64818 2962 82744 90285 59196 94235 22814 27812 62344 88061 45559 55982 32480 9052 42510 45326 50066 73511 92674 92752 27018 72456 81612 52689 875 36833 87109 58502 74536 91052 97981 51825 46802 50089 2600 63462 87988 37419 43411 37524 65764 71885 132 3910 98022 19332 60371 80384 99438 868 77568 19049 34316 70853 62635 85399 90616 4726 19019 32342 49250 67443 88997 21939 35032 26127 26229 59360 53521 65811 67786 83083 59518 26609 56458 79536 90390 97286 99056 36117 57483 74049 93307 18620 89019 81292 15059 31681 90855 90522 92238 84830 50905 59279 88979 54888 73225 41431 27763 9575 52723 57564 80849 49471 86530 96470 16560 83313 61517 65401 3130 70175 91216 42151 30502 30718 59290 50214 60258 15248 97917 11570 49033 75916 63781 20976 60155 18454 10867 29819 80731 13405 13674 51917 80206 71361 31855 77652 82611 20405 86835 75817 35654 52152 57372 71678 9505 20789 38518 61346 66999 67421 40414 45269 47494 58573 17624 8726 73959 64568 77953 55808 69348 68572 77739 28790 37857 77873 61562 75093 75583 46485 22371 69558 37417 80691 17968 28746 42415 4527 71510 88502 63172 82842 2695 6142 51976 52599 71114 78750 23668 65371 71095 81547 92321 97117 50709 8558 60584 23154 8218 15559 96215 3194 52803 54813 61793 19546 72497 90227 45743 34893 28652 30034 15732 81574 94411 3436 92829 74084 70767 81474 95510 18234 37614 65586 42796 561 13346 8239 23905 51496 28914 42639 50928 71472 23940 43882 55042 39886 84171 1010 75077 35404 45639 9478 29805 74531 76112 99276 3161 88849 26737 83029 36573 36794 51541 42174 79853 37864 83081 81231 37378 77092 70369 99406 6600 6459 25669 53370 81861 90680 13377 31354 38516 54617 55728 41894 85237 19727 37595 70886 43624 55306 16160 6331 33325 54803 43833 42584 2240 77748 37167 73027 98791 43948 47 78534 31870 63049 23594 62345 68328 28625 54254 34440 69974 87268 20365 30788 49645 47671 60511 67458 83887 34864 66445 47297 55091 60740 92116 22742 20605 39599 39826 73114 82143 11125 31410 40712 66110 83987 86613 56168 96286 51085 67638 89384 64633 63595 86173 94561 8176 77406 97070 21126 71181 99045 25705 27610 59259 92105 64312 98834 48403 82899 84614 11322 70670 88545 55248 67340 3646 44330 15375 32645 42333 41204 20973 86071 78521 29403 87360 86393 55309 84659 97534 3139 47385 51128 93539 78266 49180 99005 92813 6128 38297 84318 11054 84875 60164 80670 83247 81928 94402 84385 5480 2271 63291 80740 98290 531 11926 85842 95270 87527 37446 75375 54695 19913 41810 42000 60837 73022 17580 31834 73799 28472 41993 6043 53458 91313 25606 95540 44193 63668 95090 55989 87772 34005 67312 33575 4046 48456 67430 8929 17118 31444 2466 15098 71300 77742 55462 44789 58205 16434 7668 91928 25443 47058 21799 33085 52560 52432 54293 40446 60859 61176 39900 78615 81887 90378 31828 49252 45789 37527 83932 6312 25384 3343 22382 78265 17617 65542 4242 61104 2416 49895 40599 47257 57493 75464 29492 80460 86139 75933 87927 182 65967 95938 46100 73646 91213 84088 7643 13721 43088 51426 52215 30380 61650 91539 45782 72398 97100 7879 31467 25867 28720 35199 86833 94175 3190 12918 27957 47915 93822 13761 75441 65558 73437 78384 89905 24702 81293 78287 81213 92550 51930 17659 95044 99651 40290 7681 10941 38614 39337 40540 28760 68784 4040 54581 61631 94621 8472 84109 18481 52409 83040 78299 72152 88017 335 4917 99301 71376 80750 86259
243 10
62162 28938 92172 64527 30870 91058 49656 45330 68309 66439
201 693
98313 17082 99652 99781 12392 15720 85007 23080 36237 78398 28491 89195 4068 99650 64698 45124 19867 19990 84468 33464 59263 21127 56238 73151 53266 68009 68900 65950 91341 96092 8622 14973 72250 93739 70937 82261 5279 38949 87376 89017 492 44375 85176 41514 70500 31908 26949 9852 48174 68478 37036 82350 51969 31625 69503 34733 54427 7870 35478 78662 90562 53667 92240 69060 96079 61713 82275 70559 96326 57029 54887 83446 92748 78946 29185 72488 65783 99035 93931 14334 27679 60569 64953 27866 6967 92688 85050 86682 82678 39882 83588 40449 54599 37898 76153 76065 81127 18494 68999 40732 40313 80505 29227 96370 82651 83536 47652 66592 50262 74052 90696 88648 33999 65815 85364 99563 19138 18972 51165 71679 74193 68980 81487 93184 56607 81375 7183 10896 53783 33168 94167 98434 94656 61076 38268 45444 55293 77421 14415 47473 50856 99517 10879 1003 16703 38345 56136 40260 76448 81847 79305 16509 5139 75067 48476 63312 16892 39287 96076 32748 32934 51966 95249 42541 11922 27503 64717 53059 37307 62721 99695 58585 69522 8906 39130 11577 73314 16500 43065 87102 29952 47310 55253 64055 69886 89254 11478 33882 63864 41625 56521 73890 78422 32079 36671 29077 48451 74 60643 50797 76197 93716 39851 76283 13295 67665 16731 99981 53544 78241 3370 96210 22615 91290 24495 83426 12436 69365 90897 4762 61260 27416 31006 97886 29430 45928 65554 77262 91123 95655 58622 25878 66193 52099 71683 31615 43481 86124 34389 466 12154 71011 74911 11960 52104 57580 78323 98610 50708 31464 8250 22683 18929 47684 99732 37372 67714 12628 33490 92865 6533 24727 1892 52079 61612 74081 93748 9097 66514 46893 27714 36071 38445 17707 41086 59387 98409 57743 30088 76386 87319 57962 77196 89797 90310 93428 26307 51971 28354 83461 40716 72746 15185 94563 60762 92695 87491 26904 69647 75011 85681 99869 1784 17387 37114 78103 17723 94916 19330 75342 61356 45689 70048 82882 34302 3632 34863 69468 61555 62450 84992 51743 9605 85352 12722 32759 84382 92359 2207 4648 30242 11005 2093 4230 44599 83626 60579 77060 90472 19790 50690 8140 58406 78321 16273 39516 84364 20376 6193 6419 42012 8567 72228 69131 80332 84806 96505 1536 7497 44682 10684 95970 11867 15243 21831 52718 97187 13800 48348 90874 17483 72019 51996 97133 21844 88616 57906 67880 59395 64012 91433 17674 28016 73328 70546 16079 41730 27193 71726 24276 44264 1291 26164 28085 71340 80044 94724 4259 82142 13641 18119 37883 30683 36278 39610 92723 51999 74872 15050 99669 41028 80680 75674 28758 31816 10544 56239 58862 9653 57447 9160 36838 67384 7099 62270 70981 99341 6551 50016 60618 99581 74909 59481 1896 29407 26047 79984 26355 29124 87344 52943 67151 91156 29453 35052 93215 26336 87448 29853 43611 91735 93069 70345 43818 52552 66687 13520 8951 49955 72710 43120 10449 93422 25462 70360 39416 30961 12338 82087 56090 60683 91793 25725 76535 47719 73864 20658 75338 16704 41776 75633 98094 25969 33808 12031 20486 30492 95295 34739 63745 31462 35139 77187 42389 49807 59707 85992 64148 57654 14369 63153 69623 59577 36947 25180 85899 33234 3996 15384 40544 42729 88713 28386 22441 6266 35039 6279 69905 94244 61120 1037 98385 14419 39966 89225 78871 30477 52777 3086 6583 90208 67111 80479 17555 92241 87476 92441 50367 27 60091 67308 73756 6922 6745 35921 95567 79512 70384 45451 64395 98895 55636 31547 71717 76805 80182 70210 5447 82647 74483 44152 96325 14242 55082 5523 15969 35368 65381 98281 3147 77713 99847 13047 68184 90543 53817 64976 25252 8364 97976 8623 72380 82975 79052 79507 51205 69073 72706 81178 34618 32318 56223 62627 27338 63605 80089 92626 69738 70813 86945 95811 49236 92574 18209 71262 88794 10859 3008 46440 7938 17612 74590 29374 10407 4691 75896 8741 64867 14312 87973 53124 5575 85270 23269 90156 28874 91075 35864 24785 43224 89401 51029 59570 82043 47164 68850 537 65204 32125 48064 98739 39875 1806 5955 47606 72266 73659 80712 53755 501 51884 12177 2965 20424 42359 1976 403 1559 82971 89884 12859 70962 18433 89946 72130 23519 39246 81273 20636 31530 6599 30322 58313 62484 91874 23966 49288 52964 64700 38327 55423 28175 95024 19823 50857 30894 47625 55991 86738 31941 93256 90907 33872
645 16
19201 5871 17206 27327 40430 99709 41610 5428 98958 55827 25420 70748 75243 94335 25857 37503
819 491
94700 37279 6965 12700 4496 46311 30528 65655 78092 55350 1914 58082 65983 83028 13232 58014 36603 38597 66565 17605 20638 59169 76420 55873 60881 23745 9418 97507 44015 40163 37940 78795 42973 30469 52924 31332 63717 80068 15140 6868 61981 88257 96629 87048 18124 52812 82965 52787 43460 61475 85827 61649 74016 91701 82551 51370 4712 11534 67175 87308 93317 29641 73742 47091 73021 6835 25393 63347 70551 99815 20227 44526 21693 59982 86952 3920 15405 65298 65551 59041 7289 21123 67669 77324 60547 18679 95956 27261 79568 1650 68013 25264 46408 63299 45292 68933 30329 69030 95490 52585 81386 95767 28178 18651 23290 45036 59072 3697 40357 31998 67861 20164 10332 93647 15854 39971 64549 81936 1768 37886 12472 59626 50887 64468 76178 65511 26299 13665 8529 59861 55504 72851 80226 72178 46844 95962 33045 97742 72528 34823 57880 46190 90776 60841 28332 53909 68286 185 23589 7486 26236 34066 96548 10396 69851 6675 44591 60832 66587 58449 65930 36979 94056 26589 18220 6340 18564 49584 3958 48239 55112 1788 94883 4711 56031 16536 17620 91060 16320 7920 29294 85175 7851 28206 13200 69754 90234 25622 50732 32167 83848 77123 25612 37914 70693 83403 11169 91346 3337 23498 88027 88162 64517 74105 75490 41065 98677 38296 46322 83336 95146 1881 73928 31557 71023 82508 83115 38165 9880 5327 63392 7161 41779 82336 4861 74530 46570 82362 32209 5102 71107 83914 79079 31214 68067 65923 12649 95971 2395 15685 82164 19807 18956 34727 89218 29065 85576 3623 41664 75776 5403 6450 10026 39668 94452 93675 79386 68842 45391 1496 9938 83564 27873 69469 94951 39482 12987 45813 83527 18752 44669 89848 52793 33980 6924 59660 1776 15874 63691 98640 43925 69785 44838 95380 8723 37326 6833 15002 48573 63551 97845 48082 25367 61569 83043 72249 95081 40507 97260 76986 34677 64206 63156 6476 4020 60054 942 28712 74023 99171 73202 76240 36906 63491 64600 55313 16355 57806 4467 38137 51562 69356 14015 60550 80928 52562 89135 72989 85200 21966 8365 58387 65701 31511 51586 78880 14356 94815 28983 48964 72958 40807 75511 80513 27396 54139 58482 93157 47072 51612 91972 28695 30387 93390 33072 18616 93734 30926 64837 93455 4187 49500 66854 54666 60901 61019 56920 87028 20679 78513 45399 88043 6385 13983 29994 9655 54055 58415 36885 62298 93148 49926 207 95615 56633 48222 93238 48390 27837 56172 64613 71177 98597 34065 71315 73896 72898 85741 15039 31874 39987 99456 32782 15560 78010 49319 42848 62437 77749 19046 1216 71222 95563 93615 7976 51733 70245 47214 72745 70531 91016 14079 44696 48478 83557 77418 13168 62038 73158 70029 73943 13642 28912 29598 10349 95422 42954 66284 43926 35072 35363 30436 12320 43349 82981 18329 32613 76589 31904 52576 31940 48193 1195 1490 12356 35294 35714 89499 21098 62121 67913 62245 64518 36448 4405 58152 25205 34775 7226 87886 63292 8288 79680 1658 13912 22619 9382 92647 44773 98825 41714 59487 12425 24253 53772 27968 35430 77127 92736 15286 87069
